0   ﻿Chloee         | 2 |  4.41 | 2.88000072e+08
1   Alexander       | 2 |  7.83 | 5.04000126e+08
2   Ameliaaa        | 2 |  5.54 | 3.2000008e+08
3   Ameliaaa        | 2 |  3.96 | 1.92000048e+08
4   Annaaaa         | 2 |  4.83 | 2.24000056e+08
5   Paulaa          | 2 |  6.69 | 2.88000072e+08
6   Alexander       | 2 |  5.99 | 3.6000009e+08
7   Amelia          | 2 |  3.28 | 1.44000036e+08
8   Elijah          | 2 |  8.13 | 3.84000096e+08
9   Chloea          | 4 |  3.46 | 2.88000072e+08
10   Paulaa          | 2 |  5.26 | 2.4000006e+08
11   Jacoba          | 4 |  4.97 | 3.84000096e+08
12   Harper          | 4 |  5.36 | 4.8000012e+08
13   Emilya          | 2 |  4.16 | 1.92000048e+08
14   Alexander       | 2 |  1.68 | 7.2000018e+07
15   Oliver          | 4 |  7.80 | 6.72000168e+08
16   Miaaaaa         | 2 |  9.79 | 5.04000126e+08
17   Emilay          | 4 |  3.90 | 2.88000072e+08
18   Masona          | 4 |  4.92 | 3.84000096e+08
19   Oliver          | 4 |  5.66 | 4.8000012e+08
20   Isabella        | 2 |  9.44 | 5.76000144e+08
21   Liamaaa         | 2 |  4.21 | 2.24000056e+08
22   Harper          | 2 |  4.79 | 1.92000048e+08
23   Zoeaaaa         | 2 |  9.10 | 5.04000126e+08
24   Jamesaaa        | 4 |  2.76 | 2.56000064e+08
25   Zoeaaa          | 2 |  2.48 | 9.6000024e+07
26   Benjamin        | 2 |  1.06 | 6.4000016e+07
27   Annaaaa         | 2 |  5.41 | 2.8000007e+08
28   Jacoba          | 2 |  2.29 | 9.6000024e+07
29   Jacoba          | 2 |  8.55 | 3.84000096e+08
