Oliver          | 4 |   7.8 | 748800000
Anna            | 3 |  5.41 | 259680000
Benjamin        | 1 |  1.06 | 33920000
James           | 4 |  2.76 | 220799996
Harper          | 2 |  4.79 | 229920000
Liam            | 1 |  4.21 | 67360000
Zoe             | 2 |   9.1 | 218399998
Amelia          | 3 |  5.54 | 398880000
Jacob           | 2 |  2.29 | 91600000
Jacob           | 2 |  8.55 | 342000000
Harper          | 4 |  5.36 | 514560000
Jacob           | 4 |  4.97 | 397599996
Paul            | 1 |  5.26 | 84160000
Chloe           | 4 |  3.46 | 276800000
Amelia          | 3 |  3.28 | 236160000
Elijah          | 3 |  8.13 | 585360000
Alexander       | 2 |  5.99 | 431280000
Paul            | 2 |  6.69 | 214080000
Anna            | 1 |  4.83 | 77280000
Oliver          | 4 |  5.66 | 543360000
Mason           | 4 |  4.92 | 393600000
Isabella        | 1 |  9.44 | 302080000
Emily           | 4 |   3.9 | 312000000
﻿Chloe        | 1 |  4.41 | 141120000
Alexander       | 1 |  7.83 | 281880000
Alexander       | 1 |  1.68 | 60480000
Emily           | 4 |  4.16 | 332800000
suma metu: 68
suma pazymiu: 141.48
